[16,
 18,
 198,
 201,
 224,
 251,
 252,
 263,
 272,
 321,
 362,
 422,
 603,
 751,
 872,
 935,
 944,
 959,
 968,
 1041,
 1059,
 1061,
 1112,
 1242,
 1246,
 1279,
 1280,
 1299,
 1368,
 1429,
 1455,
 1490,
 1576,
 1589,
 1639,
 2011,
 2148,
 2158,
 2249,
 2311,
 2343,
 2354,
 2357,
 2365,
 2410,
 2416,
 2508,
 2671,
 2740,
 2756,
 2762,
 2928,
 2966,
 3308,
 3339,
 3381,
 3407,
 3411,
 3419,
 3527,
 3600,
 3619,
 3697,
 3839,
 3846,
 3864,
 3896,
 3953,
 3981,
 3982,
 4008,
 4048,
 4061,
 4073,
 4140,
 4162,
 4264,
 4589,
 4673,
 4766,
 4773,
 4777,
 4810,
 5116,
 5208,
 5209,
 5303,
 5620,
 5689,
 5744,
 5746,
 5881,
 5899,
 5900,
 5950,
 5951,
 5952,
 6088,
 6211,
 6377,
 6475,
 6671,
 6676,
 6691,
 6705,
 6756,
 6763,
 6882,
 6886,
 6962,
 7058,
 7125,
 7172,
 7242,
 7259,
 7286,
 7344,
 7358,
 7368,
 7419,
 7536,
 7556,
 7560,
 7563,
 7566,
 7602,
 7617,
 7715,
 7820,
 7946,
 8187,
 8200,
 8222,
 8418,
 8705,
 8728,
 8745,
 8893,
 8896,
 9220,
 9546,
 9779,
 9784,
 9801,
 9802,
 9826,
 9878,
 9953,
 9973,
 9994,
 9996,
 10022,
 10026,
 10028,
 10205,
 10206,
 10262,
 10302,
 10304,
 10414,
 10448,
 10450,
 10461,
 10554,
 10558,
 10630,
 10659,
 10695,
 10704,
 10738,
 10747,
 10826,
 10830,
 10842]